stamp:
0.00,0.00,0.00;1.84,0.18,0.49;3.00,0.98,1.50;2.86,2.04,2.43;1.98,2.58,3.07;0.68,2.58,-3.08;6.34,2.66,3.14;5.28,2.52,-2.29;4.84,1.78,-1.73;4.94,0.92,-1.20;5.34,0.38,-0.34;6.14,0.14,0.07;

spiral:
0.00,0.00,0.00;0.85,0.21,0.57;1.29,0.94,1.54;1.04,1.79,2.31;0.25,2.08,3.02;-0.71,2.02,-2.60;-1.38,1.15,-1.84;-1.54,0.10,-1.53;-1.21,-0.85,-0.88;-0.46,-1.58,-0.05;1.19,-1.54,0.51;2.04,-0.77,1.03;2.54,0.54,1.51;2.46,1.71,1.99;1.73,2.79,2.65;0.56,3.40,2.91;-0.77,3.52,-2.87;-1.90,2.98,-2.21;-2.83,1.71,-1.84;-3.15,0.31,-1.44;-3.00,-1.10,-1.28;-2.17,-2.38,-0.39;-0.71,-2.81,-0.24;0.69,-3.00,0.08;2.50,-2.69,0.62;3.27,-1.65,1.33;3.85,0.69,1.65;3.67,2.29,1.99;2.67,3.81,2.70;

3 point turn:
0.00,0.00,0.00;0.65,0.05,0.43;1.27,0.52,1.08;1.37,1.32,1.74;1.83,0.67,2.26;2.35,0.23,2.61;2.90,0.10,3.14;2.08,0.08,-3.09;1.32,0.07,3.14;0.15,0.23,3.09;-0.77,0.20,3.14;-1.63,0.18,3.14;

u-turn:
0.00,0.00,0.00;0.68,0.02,0.12;1.52,0.03,1.23;1.68,0.80,2.13;1.12,1.18,3.07;0.20,1.13,-2.96;-0.52,0.85,-2.03;-0.88,0.07,-2.80;-1.68,-0.03,3.06;

square:
0.00,0.00,0.00;2.00,0.02,0.00;3.02,1.03,1.58;2.98,3.00,1.59;2.00,4.03,-3.12;-0.02,4.00,-3.12;-1.02,3.02,-1.59;-1.00,1.02,-1.57;0.02,0.03,0.01;

sinewave:
0.00,0.00,0.00;1.00,1.00,0.77;2.02,2.00,0.02;3.00,1.00,-0.77;4.00,0.03,0.02;4.98,1.03,0.77;5.98,2.00,0.00;7.03,1.00,-0.80;8.00,0.00,0.02;9.00,1.02,0.76;10.02,2.02,-0.02;

penis:
0.00,0.00,0.00;1.00,0.02,0.02;2.03,0.28,0.87;2.35,1.15,1.83;1.83,1.78,2.75;0.80,1.95,2.86;0.25,2.22,1.57;0.45,2.53,0.22;1.30,2.60,-0.07;3.35,2.50,-0.04;5.22,2.48,-0.03;6.15,2.57,0.79;6.43,3.17,1.80;5.97,3.80,2.88;5.17,3.88,3.09;3.95,3.97,3.12;2.38,3.92,3.14;0.78,3.95,3.14;-0.42,3.93,-2.47;-1.12,3.35,-1.82;-1.27,2.30,-1.54;-1.20,1.28,-1.54;-1.17,0.33,-1.44;